	Rope coordinates on image plane 
	x	y 
-0.0666667	-0.453333
-0.0704762	-0.451429
-0.0685714	-0.451429
-0.0666667	-0.451429
-0.0647619	-0.451429
-0.0628571	-0.451429
-0.072381	-0.449524
-0.0704762	-0.449524
-0.0685714	-0.449524
-0.0666667	-0.449524
-0.0647619	-0.449524
-0.0628571	-0.449524
-0.0609524	-0.449524
-0.072381	-0.447619
-0.0704762	-0.447619
-0.0685714	-0.447619
-0.0666667	-0.447619
-0.0647619	-0.447619
-0.0628571	-0.447619
-0.0609524	-0.447619
-0.072381	-0.445714
-0.0704762	-0.445714
-0.0685714	-0.445714
-0.0666667	-0.445714
-0.0647619	-0.445714
-0.0628571	-0.445714
-0.0609524	-0.445714
-0.072381	-0.44381
-0.0704762	-0.44381
-0.0685714	-0.44381
-0.0666667	-0.44381
-0.0647619	-0.44381
-0.0628571	-0.44381
-0.0609524	-0.44381
-0.0704762	-0.441905
-0.0685714	-0.441905
-0.0666667	-0.441905
-0.0647619	-0.441905
-0.0628571	-0.441905
-0.072381	-0.44
-0.0704762	-0.44
-0.0685714	-0.44
-0.0666667	-0.44
-0.0647619	-0.44
-0.0742857	-0.438095
-0.072381	-0.438095
-0.0704762	-0.438095
-0.0685714	-0.438095
-0.0666667	-0.438095
-0.0647619	-0.438095
-0.0628571	-0.438095
-0.0742857	-0.43619
-0.072381	-0.43619
-0.0704762	-0.43619
-0.0685714	-0.43619
-0.0666667	-0.43619
-0.0647619	-0.43619
-0.0628571	-0.43619
-0.0742857	-0.434286
-0.072381	-0.434286
-0.0704762	-0.434286
-0.0685714	-0.434286
-0.0666667	-0.434286
-0.0647619	-0.434286
-0.0628571	-0.434286
-0.0742857	-0.432381
-0.072381	-0.432381
-0.0704762	-0.432381
-0.0685714	-0.432381
-0.0666667	-0.432381
-0.0647619	-0.432381
-0.0628571	-0.432381
-0.0742857	-0.430476
-0.072381	-0.430476
-0.0704762	-0.430476
-0.0685714	-0.430476
-0.0666667	-0.430476
-0.0647619	-0.430476
-0.0761905	-0.428571
-0.0742857	-0.428571
-0.072381	-0.428571
-0.0704762	-0.428571
-0.0685714	-0.428571
-0.0666667	-0.428571
-0.0647619	-0.428571
-0.0780952	-0.426667
-0.0761905	-0.426667
-0.0742857	-0.426667
-0.072381	-0.426667
-0.0704762	-0.426667
-0.0685714	-0.426667
-0.0666667	-0.426667
-0.0647619	-0.426667
-0.0780952	-0.424762
-0.0761905	-0.424762
-0.0742857	-0.424762
-0.072381	-0.424762
-0.0704762	-0.424762
-0.0685714	-0.424762
-0.0666667	-0.424762
-0.0647619	-0.424762
-0.08	-0.422857
-0.0780952	-0.422857
-0.0761905	-0.422857
-0.0742857	-0.422857
-0.072381	-0.422857
-0.0704762	-0.422857
-0.0685714	-0.422857
-0.0666667	-0.422857
-0.0647619	-0.422857
-0.08	-0.420952
-0.0780952	-0.420952
-0.0761905	-0.420952
-0.0742857	-0.420952
-0.072381	-0.420952
-0.0704762	-0.420952
-0.0685714	-0.420952
-0.0666667	-0.420952
-0.0647619	-0.420952
-0.08	-0.419048
-0.0780952	-0.419048
-0.0761905	-0.419048
-0.0742857	-0.419048
-0.072381	-0.419048
-0.0704762	-0.419048
-0.0685714	-0.419048
-0.0666667	-0.419048
-0.0647619	-0.419048
-0.08	-0.417143
-0.0780952	-0.417143
-0.0761905	-0.417143
-0.0742857	-0.417143
-0.072381	-0.417143
-0.0704762	-0.417143
-0.0685714	-0.417143
-0.0666667	-0.417143
-0.0647619	-0.417143
-0.0819048	-0.415238
-0.08	-0.415238
-0.0780952	-0.415238
-0.0761905	-0.415238
-0.0742857	-0.415238
-0.072381	-0.415238
-0.0704762	-0.415238
-0.0685714	-0.415238
-0.0666667	-0.415238
-0.0647619	-0.415238
-0.0819048	-0.413333
-0.08	-0.413333
-0.0780952	-0.413333
-0.0761905	-0.413333
-0.0742857	-0.413333
-0.072381	-0.413333
-0.0704762	-0.413333
-0.0685714	-0.413333
-0.0666667	-0.413333
-0.0819048	-0.411429
-0.08	-0.411429
-0.0780952	-0.411429
-0.0761905	-0.411429
-0.0742857	-0.411429
-0.072381	-0.411429
-0.0704762	-0.411429
-0.0685714	-0.411429
-0.0838095	-0.409524
-0.0819048	-0.409524
-0.08	-0.409524
-0.0780952	-0.409524
-0.0761905	-0.409524
-0.0742857	-0.409524
-0.072381	-0.409524
-0.0704762	-0.409524
-0.0685714	-0.409524
-0.0857143	-0.407619
-0.0838095	-0.407619
-0.0819048	-0.407619
-0.08	-0.407619
-0.0780952	-0.407619
-0.0761905	-0.407619
-0.0742857	-0.407619
-0.072381	-0.407619
-0.0704762	-0.407619
-0.0685714	-0.407619
-0.0857143	-0.405714
-0.0838095	-0.405714
-0.0819048	-0.405714
-0.08	-0.405714
-0.0780952	-0.405714
-0.0761905	-0.405714
-0.0742857	-0.405714
-0.072381	-0.405714
-0.0704762	-0.405714
-0.0857143	-0.40381
-0.0838095	-0.40381
-0.0819048	-0.40381
-0.08	-0.40381
-0.0780952	-0.40381
-0.0761905	-0.40381
-0.0742857	-0.40381
-0.072381	-0.40381
-0.0838095	-0.401905
-0.0819048	-0.401905
-0.08	-0.401905
-0.0780952	-0.401905
-0.0761905	-0.401905
-0.0742857	-0.401905
-0.072381	-0.401905
-0.0704762	-0.401905
-0.0819048	-0.4
-0.08	-0.4
-0.0780952	-0.4
-0.0761905	-0.4
-0.0742857	-0.4
-0.072381	-0.4
-0.0704762	-0.4
-0.0685714	-0.4
-0.0838095	-0.401905
-0.0819048	-0.401905
-0.08	-0.401905
-0.0780952	-0.401905
-0.0761905	-0.401905
-0.0742857	-0.401905
-0.072381	-0.401905
-0.0704762	-0.401905
-0.0819048	-0.4
-0.08	-0.4
-0.0780952	-0.4
-0.0761905	-0.4
-0.0742857	-0.4
-0.072381	-0.4
-0.0704762	-0.4
-0.0685714	-0.4
-0.0819048	-0.398095
-0.08	-0.398095
-0.0780952	-0.398095
-0.0761905	-0.398095
-0.0742857	-0.398095
-0.072381	-0.398095
-0.0704762	-0.398095
-0.0685714	-0.398095
-0.0838095	-0.39619
-0.0819048	-0.39619
-0.08	-0.39619
-0.0780952	-0.39619
-0.0761905	-0.39619
-0.0742857	-0.39619
-0.072381	-0.39619
-0.0704762	-0.39619
-0.0685714	-0.39619
-0.0838095	-0.394286
-0.0819048	-0.394286
-0.08	-0.394286
-0.0780952	-0.394286
-0.0761905	-0.394286
-0.0742857	-0.394286
-0.072381	-0.394286
-0.0704762	-0.394286
-0.0838095	-0.392381
-0.0819048	-0.392381
-0.08	-0.392381
-0.0780952	-0.392381
-0.0761905	-0.392381
-0.0742857	-0.392381
-0.072381	-0.392381
-0.0819048	-0.390476
-0.08	-0.390476
-0.0780952	-0.390476
-0.0761905	-0.390476
-0.0742857	-0.390476
-0.08	-0.388571
-0.0780952	-0.388571
-0.0838095	-0.386667
-0.0819048	-0.386667
-0.08	-0.386667
-0.0780952	-0.386667
-0.0761905	-0.386667
-0.0857143	-0.384762
-0.0838095	-0.384762
-0.0819048	-0.384762
-0.08	-0.384762
-0.0780952	-0.384762
-0.0761905	-0.384762
-0.0742857	-0.384762
-0.0857143	-0.382857
-0.0838095	-0.382857
-0.0819048	-0.382857
-0.08	-0.382857
-0.0780952	-0.382857
-0.0761905	-0.382857
-0.0742857	-0.382857
-0.0857143	-0.380952
-0.0838095	-0.380952
-0.0819048	-0.380952
-0.08	-0.380952
-0.0780952	-0.380952
-0.0761905	-0.380952
-0.0742857	-0.380952
-0.0838095	-0.379048
-0.0819048	-0.379048
-0.08	-0.379048
-0.0780952	-0.379048
-0.0761905	-0.379048
-0.0819048	-0.377143
-0.08	-0.377143
-0.0895238	-0.375238
-0.0857143	-0.375238
-0.0838095	-0.375238
-0.0819048	-0.375238
-0.08	-0.375238
-0.0780952	-0.375238
-0.0933333	-0.373333
-0.0914286	-0.373333
-0.0895238	-0.373333
-0.087619	-0.373333
-0.0857143	-0.373333
-0.0838095	-0.373333
-0.0819048	-0.373333
-0.08	-0.373333
-0.0780952	-0.373333
-0.0761905	-0.373333
-0.0952381	-0.371429
-0.0933333	-0.371429
-0.0914286	-0.371429
-0.0895238	-0.371429
-0.087619	-0.371429
-0.0857143	-0.371429
-0.0838095	-0.371429
-0.0819048	-0.371429
-0.08	-0.371429
-0.0780952	-0.371429
-0.0761905	-0.371429
-0.0971429	-0.369524
-0.0952381	-0.369524
-0.0933333	-0.369524
-0.0914286	-0.369524
-0.0895238	-0.369524
-0.087619	-0.369524
-0.0857143	-0.369524
-0.0838095	-0.369524
-0.0819048	-0.369524
-0.08	-0.369524
-0.0780952	-0.369524
-0.0761905	-0.369524
-0.0971429	-0.367619
-0.0952381	-0.367619
-0.0933333	-0.367619
-0.0914286	-0.367619
-0.0895238	-0.367619
-0.087619	-0.367619
-0.0857143	-0.367619
-0.0838095	-0.367619
-0.0819048	-0.367619
-0.08	-0.367619
-0.0780952	-0.367619
-0.0971429	-0.365714
-0.0952381	-0.365714
-0.0933333	-0.365714
-0.0914286	-0.365714
-0.0895238	-0.365714
-0.087619	-0.365714
-0.0857143	-0.365714
-0.0819048	-0.365714
-0.0952381	-0.36381
-0.0933333	-0.36381
-0.0914286	-0.36381
-0.0895238	-0.36381
-0.087619	-0.36381
-0.0933333	-0.361905
-0.0914286	-0.361905
-0.0895238	-0.361905
-0.087619	-0.361905
-0.0857143	-0.361905
-0.0952381	-0.36
-0.0933333	-0.36
-0.0914286	-0.36
-0.0895238	-0.36
-0.087619	-0.36
-0.0857143	-0.36
-0.0838095	-0.36
-0.0952381	-0.358095
-0.0933333	-0.358095
-0.0914286	-0.358095
-0.0895238	-0.358095
-0.087619	-0.358095
-0.0857143	-0.358095
-0.0838095	-0.358095
-0.0952381	-0.35619
-0.0933333	-0.35619
-0.0914286	-0.35619
-0.0895238	-0.35619
-0.087619	-0.35619
-0.0857143	-0.35619
-0.0838095	-0.35619
-0.0933333	-0.354286
-0.0914286	-0.354286
-0.0895238	-0.354286
-0.087619	-0.354286
-0.0857143	-0.354286
-0.0895238	-0.352381
-0.0952381	-0.358095
-0.0933333	-0.358095
-0.0914286	-0.358095
-0.0895238	-0.358095
-0.087619	-0.358095
-0.0857143	-0.358095
-0.0838095	-0.358095
-0.0952381	-0.35619
-0.0933333	-0.35619
-0.0914286	-0.35619
-0.0895238	-0.35619
-0.087619	-0.35619
-0.0857143	-0.35619
-0.0838095	-0.35619
-0.0933333	-0.354286
-0.0914286	-0.354286
-0.0895238	-0.354286
-0.087619	-0.354286
-0.0857143	-0.354286
-0.0895238	-0.352381
-0.0971429	-0.339048
-0.100952	-0.337143
-0.0990476	-0.337143
-0.0971429	-0.337143
-0.0952381	-0.337143
-0.0933333	-0.337143
-0.102857	-0.335238
-0.100952	-0.335238
-0.0990476	-0.335238
-0.0971429	-0.335238
-0.0952381	-0.335238
-0.0933333	-0.335238
-0.0914286	-0.335238
-0.104762	-0.333333
-0.102857	-0.333333
-0.100952	-0.333333
-0.0990476	-0.333333
-0.0971429	-0.333333
-0.0952381	-0.333333
-0.0933333	-0.333333
-0.0914286	-0.333333
-0.106667	-0.331429
-0.104762	-0.331429
-0.102857	-0.331429
-0.100952	-0.331429
-0.0990476	-0.331429
-0.0971429	-0.331429
-0.0952381	-0.331429
-0.0933333	-0.331429
-0.0914286	-0.331429
-0.106667	-0.329524
-0.104762	-0.329524
-0.102857	-0.329524
-0.100952	-0.329524
-0.0990476	-0.329524
-0.0971429	-0.329524
-0.0952381	-0.329524
-0.0933333	-0.329524
-0.0914286	-0.329524
-0.108571	-0.327619
-0.106667	-0.327619
-0.104762	-0.327619
-0.102857	-0.327619
-0.100952	-0.327619
-0.0990476	-0.327619
-0.0971429	-0.327619
-0.0952381	-0.327619
-0.0933333	-0.327619
-0.0914286	-0.327619
-0.108571	-0.325714
-0.106667	-0.325714
-0.104762	-0.325714
-0.102857	-0.325714
-0.100952	-0.325714
-0.0990476	-0.325714
-0.0971429	-0.325714
-0.0952381	-0.325714
-0.0933333	-0.325714
-0.0914286	-0.325714
-0.108571	-0.32381
-0.106667	-0.32381
-0.104762	-0.32381
-0.102857	-0.32381
-0.100952	-0.32381
-0.0990476	-0.32381
-0.0971429	-0.32381
-0.0952381	-0.32381
-0.0933333	-0.32381
-0.108571	-0.321905
-0.106667	-0.321905
-0.104762	-0.321905
-0.102857	-0.321905
-0.100952	-0.321905
-0.0990476	-0.321905
-0.0971429	-0.321905
-0.108571	-0.32
-0.106667	-0.32
-0.104762	-0.32
-0.102857	-0.32
-0.100952	-0.32
-0.0990476	-0.32
-0.0971429	-0.32
-0.106667	-0.318095
-0.104762	-0.318095
-0.102857	-0.318095
-0.100952	-0.318095
-0.0990476	-0.318095
-0.102857	-0.31619
-0.106667	-0.310476
-0.110476	-0.308571
-0.108571	-0.308571
-0.106667	-0.308571
-0.104762	-0.308571
-0.102857	-0.308571
-0.112381	-0.306667
-0.110476	-0.306667
-0.108571	-0.306667
-0.106667	-0.306667
-0.104762	-0.306667
-0.102857	-0.306667
-0.100952	-0.306667
-0.112381	-0.304762
-0.110476	-0.304762
-0.108571	-0.304762
-0.106667	-0.304762
-0.104762	-0.304762
-0.102857	-0.304762
-0.100952	-0.304762
-0.0990476	-0.304762
-0.112381	-0.302857
-0.110476	-0.302857
-0.108571	-0.302857
-0.106667	-0.302857
-0.104762	-0.302857
-0.102857	-0.302857
-0.100952	-0.302857
-0.0990476	-0.302857
-0.112381	-0.302857
-0.110476	-0.302857
-0.108571	-0.302857
-0.106667	-0.302857
-0.104762	-0.302857
-0.102857	-0.302857
-0.100952	-0.302857
-0.0990476	-0.302857
-0.110476	-0.300952
-0.108571	-0.300952
-0.106667	-0.300952
-0.104762	-0.300952
-0.102857	-0.300952
-0.100952	-0.300952
-0.0990476	-0.300952
-0.110476	-0.299048
-0.108571	-0.299048
-0.106667	-0.299048
-0.104762	-0.299048
-0.102857	-0.299048
-0.100952	-0.299048
-0.0990476	-0.299048
-0.112381	-0.297143
-0.110476	-0.297143
-0.108571	-0.297143
-0.106667	-0.297143
-0.104762	-0.297143
-0.102857	-0.297143
-0.100952	-0.297143
-0.0990476	-0.297143
-0.11619	-0.295238
-0.114286	-0.295238
-0.112381	-0.295238
-0.110476	-0.295238
-0.108571	-0.295238
-0.106667	-0.295238
-0.104762	-0.295238
-0.102857	-0.295238
-0.100952	-0.295238
-0.0990476	-0.295238
-0.118095	-0.293333
-0.11619	-0.293333
-0.114286	-0.293333
-0.112381	-0.293333
-0.110476	-0.293333
-0.108571	-0.293333
-0.106667	-0.293333
-0.104762	-0.293333
-0.102857	-0.293333
-0.100952	-0.293333
-0.0990476	-0.293333
-0.118095	-0.291429
-0.11619	-0.291429
-0.114286	-0.291429
-0.112381	-0.291429
-0.110476	-0.291429
-0.108571	-0.291429
-0.106667	-0.291429
-0.104762	-0.291429
-0.102857	-0.291429
-0.100952	-0.291429
-0.12	-0.289524
-0.118095	-0.289524
-0.11619	-0.289524
-0.114286	-0.289524
-0.112381	-0.289524
-0.110476	-0.289524
-0.108571	-0.289524
-0.106667	-0.289524
-0.104762	-0.289524
-0.12	-0.287619
-0.118095	-0.287619
-0.11619	-0.287619
-0.114286	-0.287619
-0.112381	-0.287619
-0.110476	-0.287619
-0.108571	-0.287619
-0.106667	-0.287619
-0.12	-0.285714
-0.118095	-0.285714
-0.11619	-0.285714
-0.114286	-0.285714
-0.112381	-0.285714
-0.110476	-0.285714
-0.108571	-0.285714
-0.106667	-0.285714
-0.118095	-0.28381
-0.11619	-0.28381
-0.114286	-0.28381
-0.112381	-0.28381
-0.110476	-0.28381
-0.108571	-0.28381
-0.114286	-0.281905
-0.112381	-0.281905
-0.112381	-0.27619
-0.11619	-0.274286
-0.114286	-0.274286
-0.112381	-0.274286
-0.110476	-0.274286
-0.108571	-0.274286
-0.118095	-0.272381
-0.11619	-0.272381
-0.114286	-0.272381
-0.112381	-0.272381
-0.110476	-0.272381
-0.108571	-0.272381
-0.106667	-0.272381
-0.118095	-0.270476
-0.11619	-0.270476
-0.114286	-0.270476
-0.112381	-0.270476
-0.110476	-0.270476
-0.108571	-0.270476
-0.106667	-0.270476
-0.12	-0.268571
-0.118095	-0.268571
-0.11619	-0.268571
-0.114286	-0.268571
-0.112381	-0.268571
-0.110476	-0.268571
-0.108571	-0.268571
-0.106667	-0.268571
-0.121905	-0.266667
-0.12	-0.266667
-0.118095	-0.266667
-0.11619	-0.266667
-0.114286	-0.266667
-0.112381	-0.266667
-0.110476	-0.266667
-0.108571	-0.266667
-0.106667	-0.266667
-0.125714	-0.264762
-0.12381	-0.264762
-0.121905	-0.264762
-0.12	-0.264762
-0.118095	-0.264762
-0.11619	-0.264762
-0.114286	-0.264762
-0.112381	-0.264762
-0.110476	-0.264762
-0.108571	-0.264762
-0.127619	-0.262857
-0.125714	-0.262857
-0.12381	-0.262857
-0.121905	-0.262857
-0.12	-0.262857
-0.118095	-0.262857
-0.11619	-0.262857
-0.114286	-0.262857
-0.112381	-0.262857
-0.110476	-0.262857
-0.127619	-0.260952
-0.125714	-0.260952
-0.12381	-0.260952
-0.121905	-0.260952
-0.12	-0.260952
-0.118095	-0.260952
-0.11619	-0.260952
-0.114286	-0.260952
-0.112381	-0.260952
-0.110476	-0.260952
-0.129524	-0.259048
-0.127619	-0.259048
-0.125714	-0.259048
-0.12381	-0.259048
-0.121905	-0.259048
-0.12	-0.259048
-0.118095	-0.259048
-0.11619	-0.259048
-0.114286	-0.259048
-0.112381	-0.259048
-0.110476	-0.259048
-0.131429	-0.257143
-0.129524	-0.257143
-0.127619	-0.257143
-0.125714	-0.257143
-0.12381	-0.257143
-0.121905	-0.257143
-0.12	-0.257143
-0.118095	-0.257143
-0.11619	-0.257143
-0.114286	-0.257143
-0.112381	-0.257143
-0.110476	-0.257143
-0.131429	-0.255238
-0.129524	-0.255238
-0.127619	-0.255238
-0.125714	-0.255238
-0.12381	-0.255238
-0.121905	-0.255238
-0.12	-0.255238
-0.118095	-0.255238
-0.11619	-0.255238
-0.114286	-0.255238
-0.112381	-0.255238
-0.131429	-0.253333
-0.129524	-0.253333
-0.127619	-0.253333
-0.125714	-0.253333
-0.12381	-0.253333
-0.121905	-0.253333
-0.12	-0.253333
-0.118095	-0.253333
-0.11619	-0.253333
-0.131429	-0.251429
-0.129524	-0.251429
-0.127619	-0.251429
-0.125714	-0.251429
-0.12381	-0.251429
-0.121905	-0.251429
-0.12	-0.251429
-0.118095	-0.251429
-0.11619	-0.251429
-0.129524	-0.249524
-0.127619	-0.249524
-0.125714	-0.249524
-0.12381	-0.249524
-0.121905	-0.249524
-0.12	-0.249524
-0.118095	-0.249524
-0.125714	-0.247619
-0.12381	-0.247619
-0.121905	-0.247619
-0.131429	-0.251429
-0.129524	-0.251429
-0.127619	-0.251429
-0.125714	-0.251429
-0.12381	-0.251429
-0.121905	-0.251429
-0.12	-0.251429
-0.118095	-0.251429
-0.11619	-0.251429
-0.129524	-0.249524
-0.127619	-0.249524
-0.125714	-0.249524
-0.12381	-0.249524
-0.121905	-0.249524
-0.12	-0.249524
-0.118095	-0.249524
-0.125714	-0.247619
-0.12381	-0.247619
-0.121905	-0.247619
-0.129524	-0.232381
-0.127619	-0.232381
-0.133333	-0.230476
-0.131429	-0.230476
-0.129524	-0.230476
-0.127619	-0.230476
-0.125714	-0.230476
-0.12381	-0.230476
-0.135238	-0.228571
-0.133333	-0.228571
-0.131429	-0.228571
-0.129524	-0.228571
-0.127619	-0.228571
-0.125714	-0.228571
-0.12381	-0.228571
-0.121905	-0.228571
-0.137143	-0.226667
-0.135238	-0.226667
-0.133333	-0.226667
-0.131429	-0.226667
-0.129524	-0.226667
-0.127619	-0.226667
-0.125714	-0.226667
-0.12381	-0.226667
-0.121905	-0.226667
-0.139048	-0.224762
-0.137143	-0.224762
-0.135238	-0.224762
-0.133333	-0.224762
-0.131429	-0.224762
-0.129524	-0.224762
-0.127619	-0.224762
-0.125714	-0.224762
-0.12381	-0.224762
-0.121905	-0.224762
-0.139048	-0.222857
-0.137143	-0.222857
-0.135238	-0.222857
-0.133333	-0.222857
-0.131429	-0.222857
-0.129524	-0.222857
-0.127619	-0.222857
-0.125714	-0.222857
-0.12381	-0.222857
-0.139048	-0.220952
-0.137143	-0.220952
-0.135238	-0.220952
-0.133333	-0.220952
-0.131429	-0.220952
-0.129524	-0.220952
-0.127619	-0.220952
-0.137143	-0.219048
-0.135238	-0.219048
-0.133333	-0.219048
-0.131429	-0.219048
-0.129524	-0.219048
-0.139048	-0.217143
-0.137143	-0.217143
-0.135238	-0.217143
-0.133333	-0.217143
-0.131429	-0.217143
-0.129524	-0.217143
-0.127619	-0.217143
-0.139048	-0.215238
-0.137143	-0.215238
-0.135238	-0.215238
-0.133333	-0.215238
-0.131429	-0.215238
-0.129524	-0.215238
-0.127619	-0.215238
-0.139048	-0.213333
-0.137143	-0.213333
-0.135238	-0.213333
-0.133333	-0.213333
-0.131429	-0.213333
-0.129524	-0.213333
-0.127619	-0.213333
-0.137143	-0.211429
-0.135238	-0.211429
-0.133333	-0.211429
-0.131429	-0.211429
-0.129524	-0.211429
-0.137143	-0.209524
-0.133333	-0.209524
-0.140952	-0.207619
-0.139048	-0.207619
-0.137143	-0.207619
-0.135238	-0.207619
-0.133333	-0.207619
-0.142857	-0.205714
-0.140952	-0.205714
-0.139048	-0.205714
-0.137143	-0.205714
-0.135238	-0.205714
-0.133333	-0.205714
-0.131429	-0.205714
-0.142857	-0.20381
-0.140952	-0.20381
-0.139048	-0.20381
-0.137143	-0.20381
-0.135238	-0.20381
-0.133333	-0.20381
-0.131429	-0.20381
-0.142857	-0.201905
-0.140952	-0.201905
-0.139048	-0.201905
-0.137143	-0.201905
-0.135238	-0.201905
-0.133333	-0.201905
-0.131429	-0.201905
-0.129524	-0.201905
-0.140952	-0.2
-0.139048	-0.2
-0.137143	-0.2
-0.135238	-0.2
-0.133333	-0.2
-0.131429	-0.2
-0.129524	-0.2
-0.140952	-0.198095
-0.139048	-0.198095
-0.137143	-0.198095
-0.135238	-0.198095
-0.133333	-0.198095
-0.131429	-0.198095
-0.129524	-0.198095
-0.142857	-0.19619
-0.140952	-0.19619
-0.139048	-0.19619
-0.137143	-0.19619
-0.135238	-0.19619
-0.133333	-0.19619
-0.131429	-0.19619
-0.129524	-0.19619
-0.142857	-0.19619
-0.140952	-0.19619
-0.139048	-0.19619
-0.137143	-0.19619
-0.135238	-0.19619
-0.133333	-0.19619
-0.131429	-0.19619
-0.129524	-0.19619
-0.144762	-0.194286
-0.142857	-0.194286
-0.140952	-0.194286
-0.139048	-0.194286
-0.137143	-0.194286
-0.135238	-0.194286
-0.133333	-0.194286
-0.131429	-0.194286
-0.129524	-0.194286
-0.144762	-0.192381
-0.142857	-0.192381
-0.140952	-0.192381
-0.139048	-0.192381
-0.137143	-0.192381
-0.135238	-0.192381
-0.133333	-0.192381
-0.131429	-0.192381
-0.129524	-0.192381
-0.146667	-0.190476
-0.144762	-0.190476
-0.142857	-0.190476
-0.140952	-0.190476
-0.139048	-0.190476
-0.137143	-0.190476
-0.135238	-0.190476
-0.133333	-0.190476
-0.131429	-0.190476
-0.146667	-0.188571
-0.144762	-0.188571
-0.142857	-0.188571
-0.140952	-0.188571
-0.139048	-0.188571
-0.137143	-0.188571
-0.135238	-0.188571
-0.133333	-0.188571
-0.146667	-0.186667
-0.144762	-0.186667
-0.142857	-0.186667
-0.140952	-0.186667
-0.139048	-0.186667
-0.137143	-0.186667
-0.135238	-0.186667
-0.146667	-0.184762
-0.144762	-0.184762
-0.142857	-0.184762
-0.140952	-0.184762
-0.139048	-0.184762
-0.137143	-0.184762
-0.135238	-0.184762
-0.146667	-0.182857
-0.144762	-0.182857
-0.142857	-0.182857
-0.140952	-0.182857
-0.139048	-0.182857
-0.137143	-0.182857
-0.135238	-0.182857
-0.146667	-0.180952
-0.144762	-0.180952
-0.142857	-0.180952
-0.140952	-0.180952
-0.139048	-0.180952
-0.137143	-0.180952
-0.135238	-0.180952
-0.146667	-0.179048
-0.144762	-0.179048
-0.142857	-0.179048
-0.140952	-0.179048
-0.139048	-0.179048
-0.137143	-0.179048
-0.135238	-0.179048
-0.144762	-0.177143
-0.142857	-0.177143
-0.140952	-0.177143
-0.139048	-0.177143
-0.137143	-0.177143
-0.148571	-0.175238
-0.146667	-0.175238
-0.144762	-0.175238
-0.142857	-0.175238
-0.140952	-0.175238
-0.150476	-0.173333
-0.148571	-0.173333
-0.146667	-0.173333
-0.144762	-0.173333
-0.142857	-0.173333
-0.140952	-0.173333
-0.139048	-0.173333
-0.150476	-0.171429
-0.148571	-0.171429
-0.146667	-0.171429
-0.144762	-0.171429
-0.142857	-0.171429
-0.140952	-0.171429
-0.139048	-0.171429
-0.150476	-0.169524
-0.148571	-0.169524
-0.146667	-0.169524
-0.144762	-0.169524
-0.142857	-0.169524
-0.140952	-0.169524
-0.139048	-0.169524
-0.150476	-0.167619
-0.148571	-0.167619
-0.146667	-0.167619
-0.144762	-0.167619
-0.142857	-0.167619
-0.140952	-0.167619
-0.152381	-0.165714
-0.150476	-0.165714
-0.148571	-0.165714
-0.146667	-0.165714
-0.144762	-0.165714
-0.142857	-0.165714
-0.140952	-0.165714
-0.154286	-0.16381
-0.152381	-0.16381
-0.150476	-0.16381
-0.148571	-0.16381
-0.146667	-0.16381
-0.144762	-0.16381
-0.142857	-0.16381
-0.140952	-0.16381
-0.15619	-0.161905
-0.154286	-0.161905
-0.152381	-0.161905
-0.150476	-0.161905
-0.148571	-0.161905
-0.146667	-0.161905
-0.144762	-0.161905
-0.142857	-0.161905
-0.140952	-0.161905
-0.15619	-0.16
-0.154286	-0.16
-0.152381	-0.16
-0.150476	-0.16
-0.148571	-0.16
-0.146667	-0.16
-0.144762	-0.16
-0.142857	-0.16
-0.140952	-0.16
-0.15619	-0.158095
-0.154286	-0.158095
-0.152381	-0.158095
-0.150476	-0.158095
-0.148571	-0.158095
-0.146667	-0.158095
-0.144762	-0.158095
-0.142857	-0.158095
-0.154286	-0.15619
-0.152381	-0.15619
-0.150476	-0.15619
-0.148571	-0.15619
-0.146667	-0.15619
-0.144762	-0.15619
-0.142857	-0.15619
-0.140952	-0.15619
-0.152381	-0.154286
-0.150476	-0.154286
-0.148571	-0.154286
-0.146667	-0.154286
-0.144762	-0.154286
-0.142857	-0.154286
-0.140952	-0.154286
-0.152381	-0.152381
-0.150476	-0.152381
-0.148571	-0.152381
-0.146667	-0.152381
-0.144762	-0.152381
-0.142857	-0.152381
-0.140952	-0.152381
-0.150476	-0.150476
-0.148571	-0.150476
-0.146667	-0.150476
-0.144762	-0.150476
-0.142857	-0.150476
-0.150476	-0.148571
-0.146667	-0.148571
-0.154286	-0.146667
-0.152381	-0.146667
-0.150476	-0.146667
-0.148571	-0.146667
-0.146667	-0.146667
-0.15619	-0.144762
-0.154286	-0.144762
-0.152381	-0.144762
-0.150476	-0.144762
-0.148571	-0.144762
-0.146667	-0.144762
-0.144762	-0.144762
-0.15619	-0.142857
-0.154286	-0.142857
-0.152381	-0.142857
-0.150476	-0.142857
-0.148571	-0.142857
-0.146667	-0.142857
-0.144762	-0.142857
-0.15619	-0.140952
-0.154286	-0.140952
-0.152381	-0.140952
-0.150476	-0.140952
-0.148571	-0.140952
-0.146667	-0.140952
-0.144762	-0.140952
-0.15619	-0.144762
-0.154286	-0.144762
-0.152381	-0.144762
-0.150476	-0.144762
-0.148571	-0.144762
-0.146667	-0.144762
-0.144762	-0.144762
-0.15619	-0.142857
-0.154286	-0.142857
-0.152381	-0.142857
-0.150476	-0.142857
-0.148571	-0.142857
-0.146667	-0.142857
-0.144762	-0.142857
-0.15619	-0.140952
-0.154286	-0.140952
-0.152381	-0.140952
-0.150476	-0.140952
-0.148571	-0.140952
-0.146667	-0.140952
-0.144762	-0.140952
-0.16	-0.139048
-0.158095	-0.139048
-0.15619	-0.139048
-0.154286	-0.139048
-0.152381	-0.139048
-0.150476	-0.139048
-0.148571	-0.139048
-0.146667	-0.139048
-0.161905	-0.137143
-0.16	-0.137143
-0.158095	-0.137143
-0.15619	-0.137143
-0.154286	-0.137143
-0.152381	-0.137143
-0.150476	-0.137143
-0.16381	-0.135238
-0.161905	-0.135238
-0.16	-0.135238
-0.158095	-0.135238
-0.15619	-0.135238
-0.154286	-0.135238
-0.152381	-0.135238
-0.150476	-0.135238
-0.16381	-0.133333
-0.161905	-0.133333
-0.16	-0.133333
-0.158095	-0.133333
-0.15619	-0.133333
-0.154286	-0.133333
-0.152381	-0.133333
-0.150476	-0.133333
-0.16381	-0.131429
-0.161905	-0.131429
-0.16	-0.131429
-0.158095	-0.131429
-0.15619	-0.131429
-0.154286	-0.131429
-0.152381	-0.131429
-0.150476	-0.131429
-0.161905	-0.129524
-0.16	-0.129524
-0.158095	-0.129524
-0.15619	-0.129524
-0.154286	-0.129524
-0.152381	-0.129524
-0.150476	-0.129524
-0.16	-0.127619
-0.158095	-0.127619
-0.15619	-0.127619
-0.154286	-0.127619
-0.152381	-0.127619
-0.15619	-0.125714
-0.16381	-0.12
-0.161905	-0.12
-0.167619	-0.118095
-0.165714	-0.118095
-0.16381	-0.118095
-0.161905	-0.118095
-0.16	-0.118095
-0.158095	-0.118095
-0.169524	-0.11619
-0.167619	-0.11619
-0.165714	-0.11619
-0.16381	-0.11619
-0.161905	-0.11619
-0.16	-0.11619
-0.158095	-0.11619
-0.15619	-0.11619
-0.169524	-0.114286
-0.167619	-0.114286
-0.165714	-0.114286
-0.16381	-0.114286
-0.161905	-0.114286
-0.16	-0.114286
-0.158095	-0.114286
-0.15619	-0.114286
-0.169524	-0.112381
-0.167619	-0.112381
-0.165714	-0.112381
-0.16381	-0.112381
-0.161905	-0.112381
-0.16	-0.112381
-0.158095	-0.112381
-0.15619	-0.112381
-0.171429	-0.110476
-0.169524	-0.110476
-0.167619	-0.110476
-0.165714	-0.110476
-0.16381	-0.110476
-0.161905	-0.110476
-0.16	-0.110476
-0.158095	-0.110476
-0.15619	-0.110476
-0.171429	-0.108571
-0.169524	-0.108571
-0.167619	-0.108571
-0.165714	-0.108571
-0.16381	-0.108571
-0.161905	-0.108571
-0.16	-0.108571
-0.158095	-0.108571
-0.171429	-0.106667
-0.169524	-0.106667
-0.167619	-0.106667
-0.165714	-0.106667
-0.16381	-0.106667
-0.161905	-0.106667
-0.16	-0.106667
-0.171429	-0.104762
-0.169524	-0.104762
-0.167619	-0.104762
-0.165714	-0.104762
-0.16381	-0.104762
-0.161905	-0.104762
-0.173333	-0.102857
-0.171429	-0.102857
-0.169524	-0.102857
-0.167619	-0.102857
-0.165714	-0.102857
-0.16381	-0.102857
-0.161905	-0.102857
-0.16	-0.102857
-0.175238	-0.100952
-0.173333	-0.100952
-0.171429	-0.100952
-0.169524	-0.100952
-0.167619	-0.100952
-0.165714	-0.100952
-0.16381	-0.100952
-0.161905	-0.100952
-0.16	-0.100952
-0.177143	-0.0990476
-0.175238	-0.0990476
-0.173333	-0.0990476
-0.171429	-0.0990476
-0.169524	-0.0990476
-0.167619	-0.0990476
-0.165714	-0.0990476
-0.16381	-0.0990476
-0.161905	-0.0990476
-0.16	-0.0990476
-0.177143	-0.0971429
-0.175238	-0.0971429
-0.173333	-0.0971429
-0.171429	-0.0971429
-0.169524	-0.0971429
-0.167619	-0.0971429
-0.165714	-0.0971429
-0.16381	-0.0971429
-0.161905	-0.0971429
-0.177143	-0.0952381
-0.175238	-0.0952381
-0.173333	-0.0952381
-0.171429	-0.0952381
-0.169524	-0.0952381
-0.167619	-0.0952381
-0.165714	-0.0952381
-0.175238	-0.0933333
-0.173333	-0.0933333
-0.171429	-0.0933333
-0.169524	-0.0933333
-0.167619	-0.0933333
-0.165714	-0.0933333
-0.177143	-0.0914286
-0.175238	-0.0914286
-0.173333	-0.0914286
-0.171429	-0.0914286
-0.169524	-0.0914286
-0.167619	-0.0914286
-0.165714	-0.0914286
-0.16381	-0.0914286
-0.177143	-0.0895238
-0.175238	-0.0895238
-0.173333	-0.0895238
-0.171429	-0.0895238
-0.169524	-0.0895238
-0.167619	-0.0895238
-0.165714	-0.0895238
-0.16381	-0.0895238
-0.177143	-0.0895238
-0.175238	-0.0895238
-0.173333	-0.0895238
-0.171429	-0.0895238
-0.169524	-0.0895238
-0.167619	-0.0895238
-0.165714	-0.0895238
-0.16381	-0.0895238
-0.179048	-0.087619
-0.177143	-0.087619
-0.175238	-0.087619
-0.173333	-0.087619
-0.171429	-0.087619
-0.169524	-0.087619
-0.167619	-0.087619
-0.165714	-0.087619
-0.16381	-0.087619
-0.179048	-0.0857143
-0.177143	-0.0857143
-0.175238	-0.0857143
-0.173333	-0.0857143
-0.171429	-0.0857143
-0.169524	-0.0857143
-0.167619	-0.0857143
-0.165714	-0.0857143
-0.16381	-0.0857143
-0.179048	-0.0838095
-0.177143	-0.0838095
-0.175238	-0.0838095
-0.173333	-0.0838095
-0.171429	-0.0838095
-0.169524	-0.0838095
-0.167619	-0.0838095
-0.165714	-0.0838095
-0.16381	-0.0838095
-0.177143	-0.0819048
-0.175238	-0.0819048
-0.173333	-0.0819048
-0.171429	-0.0819048
-0.169524	-0.0819048
-0.167619	-0.0819048
-0.165714	-0.0819048
-0.175238	-0.08
-0.173333	-0.08
-0.171429	-0.08
-0.169524	-0.08
-0.167619	-0.08
-0.171429	-0.0780952
-0.175238	-0.0761905
-0.179048	-0.0742857
-0.177143	-0.0742857
-0.175238	-0.0742857
-0.173333	-0.0742857
-0.171429	-0.0742857
-0.180952	-0.072381
-0.179048	-0.072381
-0.177143	-0.072381
-0.175238	-0.072381
-0.173333	-0.072381
-0.171429	-0.072381
-0.169524	-0.072381
-0.182857	-0.0704762
-0.180952	-0.0704762
-0.179048	-0.0704762
-0.177143	-0.0704762
-0.175238	-0.0704762
-0.173333	-0.0704762
-0.171429	-0.0704762
-0.169524	-0.0704762
-0.184762	-0.0685714
-0.182857	-0.0685714
-0.180952	-0.0685714
-0.179048	-0.0685714
-0.177143	-0.0685714
-0.175238	-0.0685714
-0.173333	-0.0685714
-0.171429	-0.0685714
-0.169524	-0.0685714
-0.186667	-0.0666667
-0.184762	-0.0666667
-0.182857	-0.0666667
-0.180952	-0.0666667
-0.179048	-0.0666667
-0.177143	-0.0666667
-0.175238	-0.0666667
-0.173333	-0.0666667
-0.171429	-0.0666667
-0.188571	-0.0647619
-0.186667	-0.0647619
-0.184762	-0.0647619
-0.182857	-0.0647619
-0.180952	-0.0647619
-0.179048	-0.0647619
-0.177143	-0.0647619
-0.175238	-0.0647619
-0.173333	-0.0647619
-0.171429	-0.0647619
-0.188571	-0.0628571
-0.186667	-0.0628571
-0.184762	-0.0628571
-0.182857	-0.0628571
-0.180952	-0.0628571
-0.179048	-0.0628571
-0.177143	-0.0628571
-0.175238	-0.0628571
-0.173333	-0.0628571
-0.171429	-0.0628571
-0.188571	-0.0609524
-0.186667	-0.0609524
-0.184762	-0.0609524
-0.182857	-0.0609524
-0.180952	-0.0609524
-0.179048	-0.0609524
-0.177143	-0.0609524
-0.175238	-0.0609524
-0.173333	-0.0609524
-0.186667	-0.0590476
-0.184762	-0.0590476
-0.182857	-0.0590476
-0.180952	-0.0590476
-0.179048	-0.0590476
-0.177143	-0.0590476
-0.175238	-0.0590476
-0.186667	-0.0571429
-0.184762	-0.0571429
-0.182857	-0.0571429
-0.180952	-0.0571429
-0.179048	-0.0571429
-0.177143	-0.0571429
-0.175238	-0.0571429
-0.186667	-0.0552381
-0.184762	-0.0552381
-0.182857	-0.0552381
-0.180952	-0.0552381
-0.179048	-0.0552381
-0.177143	-0.0552381
-0.175238	-0.0552381
-0.184762	-0.0533333
-0.182857	-0.0533333
-0.180952	-0.0533333
-0.179048	-0.0533333
-0.177143	-0.0533333
-0.180952	-0.0514286
-0.186667	-0.0495238
-0.184762	-0.0495238
-0.190476	-0.047619
-0.188571	-0.047619
-0.186667	-0.047619
-0.184762	-0.047619
-0.182857	-0.047619
-0.180952	-0.047619
-0.192381	-0.0457143
-0.190476	-0.0457143
-0.188571	-0.0457143
-0.186667	-0.0457143
-0.184762	-0.0457143
-0.182857	-0.0457143
-0.180952	-0.0457143
-0.179048	-0.0457143
-0.194286	-0.0438095
-0.192381	-0.0438095
-0.190476	-0.0438095
-0.188571	-0.0438095
-0.186667	-0.0438095
-0.184762	-0.0438095
-0.182857	-0.0438095
-0.180952	-0.0438095
-0.179048	-0.0438095
-0.194286	-0.0419048
-0.192381	-0.0419048
-0.190476	-0.0419048
-0.188571	-0.0419048
-0.186667	-0.0419048
-0.184762	-0.0419048
-0.182857	-0.0419048
-0.180952	-0.0419048
-0.179048	-0.0419048
-0.194286	-0.04
-0.192381	-0.04
-0.190476	-0.04
-0.188571	-0.04
-0.186667	-0.04
-0.184762	-0.04
-0.182857	-0.04
-0.180952	-0.04
-0.179048	-0.04
-0.194286	-0.0380952
-0.192381	-0.0380952
-0.190476	-0.0380952
-0.188571	-0.0380952
-0.186667	-0.0380952
-0.184762	-0.0380952
-0.182857	-0.0380952
-0.180952	-0.0380952
-0.194286	-0.0361905
-0.192381	-0.0361905
-0.190476	-0.0361905
-0.188571	-0.0361905
-0.186667	-0.0361905
-0.184762	-0.0361905
-0.182857	-0.0361905
-0.194286	-0.0342857
-0.192381	-0.0342857
-0.190476	-0.0342857
-0.188571	-0.0342857
-0.186667	-0.0342857
-0.184762	-0.0342857
-0.182857	-0.0342857
-0.194286	-0.0361905
-0.192381	-0.0361905
-0.190476	-0.0361905
-0.188571	-0.0361905
-0.186667	-0.0361905
-0.184762	-0.0361905
-0.182857	-0.0361905
-0.194286	-0.0342857
-0.192381	-0.0342857
-0.190476	-0.0342857
-0.188571	-0.0342857
-0.186667	-0.0342857
-0.184762	-0.0342857
-0.182857	-0.0342857
-0.194286	-0.032381
-0.192381	-0.032381
-0.190476	-0.032381
-0.188571	-0.032381
-0.186667	-0.032381
-0.184762	-0.032381
-0.182857	-0.032381
-0.194286	-0.0304762
-0.192381	-0.0304762
-0.190476	-0.0304762
-0.188571	-0.0304762
-0.186667	-0.0304762
-0.184762	-0.0304762
-0.182857	-0.0304762
-0.194286	-0.0285714
-0.192381	-0.0285714
-0.190476	-0.0285714
-0.188571	-0.0285714
-0.186667	-0.0285714
-0.184762	-0.0285714
-0.182857	-0.0285714
-0.194286	-0.0266667
-0.192381	-0.0266667
-0.190476	-0.0266667
-0.188571	-0.0266667
-0.186667	-0.0266667
-0.184762	-0.0266667
-0.182857	-0.0266667
-0.194286	-0.0247619
-0.192381	-0.0247619
-0.190476	-0.0247619
-0.188571	-0.0247619
-0.186667	-0.0247619
-0.184762	-0.0247619
-0.182857	-0.0247619
-0.194286	-0.0228571
-0.192381	-0.0228571
-0.190476	-0.0228571
-0.188571	-0.0228571
-0.186667	-0.0228571
-0.184762	-0.0228571
-0.182857	-0.0228571
-0.194286	-0.0209524
-0.192381	-0.0209524
-0.190476	-0.0209524
-0.188571	-0.0209524
-0.186667	-0.0209524
-0.184762	-0.0209524
-0.198095	-0.0190476
-0.19619	-0.0190476
-0.194286	-0.0190476
-0.192381	-0.0190476
-0.190476	-0.0190476
-0.188571	-0.0190476
-0.2	-0.0171429
-0.198095	-0.0171429
-0.19619	-0.0171429
-0.194286	-0.0171429
-0.192381	-0.0171429
-0.190476	-0.0171429
-0.188571	-0.0171429
-0.2	-0.0152381
-0.198095	-0.0152381
-0.19619	-0.0152381
-0.194286	-0.0152381
-0.192381	-0.0152381
-0.190476	-0.0152381
-0.188571	-0.0152381
-0.2	-0.0133333
-0.198095	-0.0133333
-0.19619	-0.0133333
-0.194286	-0.0133333
-0.192381	-0.0133333
-0.190476	-0.0133333
-0.188571	-0.0133333
-0.198095	-0.0114286
-0.19619	-0.0114286
-0.194286	-0.0114286
-0.192381	-0.0114286
-0.190476	-0.0114286
-0.2	-0.00952381
-0.198095	-0.00952381
-0.194286	-0.00952381
-0.20381	-0.00761905
-0.201905	-0.00761905
-0.2	-0.00761905
-0.198095	-0.00761905
-0.19619	-0.00761905
-0.194286	-0.00761905
-0.205714	-0.00571429
-0.20381	-0.00571429
-0.201905	-0.00571429
-0.2	-0.00571429
-0.198095	-0.00571429
-0.19619	-0.00571429
-0.194286	-0.00571429
-0.192381	-0.00571429
-0.205714	-0.00380952
-0.20381	-0.00380952
-0.201905	-0.00380952
-0.2	-0.00380952
-0.198095	-0.00380952
-0.19619	-0.00380952
-0.194286	-0.00380952
-0.192381	-0.00380952
-0.190476	-0.00380952
-0.205714	-0.00190476
-0.20381	-0.00190476
-0.201905	-0.00190476
-0.2	-0.00190476
-0.198095	-0.00190476
-0.19619	-0.00190476
-0.194286	-0.00190476
-0.192381	-0.00190476
-0.190476	-0.00190476
-0.205714	0
-0.20381	0
-0.201905	0
-0.2	0
-0.198095	0
-0.19619	0
-0.194286	0
-0.192381	0
-0.190476	0
-0.205714	0.00190476
-0.20381	0.00190476
-0.201905	0.00190476
-0.2	0.00190476
-0.198095	0.00190476
-0.19619	0.00190476
-0.194286	0.00190476
-0.192381	0.00190476
-0.207619	0.00380952
-0.205714	0.00380952
-0.20381	0.00380952
-0.201905	0.00380952
-0.2	0.00380952
-0.198095	0.00380952
-0.19619	0.00380952
-0.194286	0.00380952
-0.207619	0.00571429
-0.205714	0.00571429
-0.20381	0.00571429
-0.201905	0.00571429
-0.2	0.00571429
-0.198095	0.00571429
-0.19619	0.00571429
-0.194286	0.00571429
-0.207619	0.00761905
-0.205714	0.00761905
-0.20381	0.00761905
-0.201905	0.00761905
-0.2	0.00761905
-0.198095	0.00761905
-0.19619	0.00761905
-0.205714	0.00952381
-0.20381	0.00952381
-0.201905	0.00952381
-0.2	0.00952381
-0.198095	0.00952381
-0.207619	0.0114286
-0.205714	0.0114286
-0.20381	0.0114286
-0.201905	0.0114286
-0.2	0.0114286
-0.209524	0.0133333
-0.207619	0.0133333
-0.205714	0.0133333
-0.20381	0.0133333
-0.201905	0.0133333
-0.2	0.0133333
-0.198095	0.0133333
-0.211429	0.0152381
-0.209524	0.0152381
-0.207619	0.0152381
-0.205714	0.0152381
-0.20381	0.0152381
-0.201905	0.0152381
-0.2	0.0152381
-0.198095	0.0152381
-0.213333	0.0171429
-0.211429	0.0171429
-0.209524	0.0171429
-0.207619	0.0171429
-0.205714	0.0171429
-0.20381	0.0171429
-0.201905	0.0171429
-0.2	0.0171429
-0.198095	0.0171429
-0.215238	0.0190476
-0.213333	0.0190476
-0.211429	0.0190476
-0.209524	0.0190476
-0.207619	0.0190476
-0.205714	0.0190476
-0.20381	0.0190476
-0.201905	0.0190476
-0.2	0.0190476
-0.215238	0.0190476
-0.213333	0.0190476
-0.211429	0.0190476
-0.209524	0.0190476
-0.207619	0.0190476
-0.205714	0.0190476
-0.20381	0.0190476
-0.201905	0.0190476
-0.2	0.0190476
-0.215238	0.0209524
-0.213333	0.0209524
-0.211429	0.0209524
-0.209524	0.0209524
-0.207619	0.0209524
-0.205714	0.0209524
-0.20381	0.0209524
-0.201905	0.0209524
-0.215238	0.0228571
-0.213333	0.0228571
-0.211429	0.0228571
-0.209524	0.0228571
-0.207619	0.0228571
-0.205714	0.0228571
-0.20381	0.0228571
-0.201905	0.0228571
-0.213333	0.0247619
-0.211429	0.0247619
-0.209524	0.0247619
-0.207619	0.0247619
-0.205714	0.0247619
-0.20381	0.0247619
-0.201905	0.0247619
-0.213333	0.0266667
-0.211429	0.0266667
-0.209524	0.0266667
-0.207619	0.0266667
-0.205714	0.0266667
-0.20381	0.0266667
-0.201905	0.0266667
-0.211429	0.0285714
-0.209524	0.0285714
-0.207619	0.0285714
-0.205714	0.0285714
-0.20381	0.0285714
-0.215238	0.0304762
-0.213333	0.0304762
-0.211429	0.0304762
-0.207619	0.0304762
-0.219048	0.032381
-0.217143	0.032381
-0.215238	0.032381
-0.213333	0.032381
-0.211429	0.032381
-0.209524	0.032381
-0.207619	0.032381
-0.220952	0.0342857
-0.219048	0.0342857
-0.217143	0.0342857
-0.215238	0.0342857
-0.213333	0.0342857
-0.211429	0.0342857
-0.209524	0.0342857
-0.207619	0.0342857
-0.205714	0.0342857
-0.222857	0.0361905
-0.220952	0.0361905
-0.219048	0.0361905
-0.217143	0.0361905
-0.215238	0.0361905
-0.213333	0.0361905
-0.211429	0.0361905
-0.209524	0.0361905
-0.207619	0.0361905
-0.205714	0.0361905
-0.222857	0.0380952
-0.220952	0.0380952
-0.219048	0.0380952
-0.217143	0.0380952
-0.215238	0.0380952
-0.213333	0.0380952
-0.211429	0.0380952
-0.209524	0.0380952
-0.207619	0.0380952
-0.205714	0.0380952
-0.222857	0.04
-0.220952	0.04
-0.219048	0.04
-0.217143	0.04
-0.215238	0.04
-0.213333	0.04
-0.211429	0.04
-0.209524	0.04
-0.207619	0.04
-0.205714	0.04
-0.220952	0.0419048
-0.219048	0.0419048
-0.217143	0.0419048
-0.215238	0.0419048
-0.213333	0.0419048
-0.211429	0.0419048
-0.209524	0.0419048
-0.207619	0.0419048
-0.205714	0.0419048
-0.219048	0.0438095
-0.217143	0.0438095
-0.215238	0.0438095
-0.213333	0.0438095
-0.211429	0.0438095
-0.209524	0.0438095
-0.207619	0.0438095
-0.222857	0.0457143
-0.220952	0.0457143
-0.219048	0.0457143
-0.217143	0.0457143
-0.215238	0.0457143
-0.213333	0.0457143
-0.211429	0.0457143
-0.224762	0.047619
-0.222857	0.047619
-0.220952	0.047619
-0.219048	0.047619
-0.217143	0.047619
-0.215238	0.047619
-0.213333	0.047619
-0.211429	0.047619
-0.224762	0.0495238
-0.222857	0.0495238
-0.220952	0.0495238
-0.219048	0.0495238
-0.217143	0.0495238
-0.215238	0.0495238
-0.213333	0.0495238
-0.211429	0.0495238
-0.224762	0.0514286
-0.222857	0.0514286
-0.220952	0.0514286
-0.219048	0.0514286
-0.217143	0.0514286
-0.215238	0.0514286
-0.213333	0.0514286
-0.211429	0.0514286
-0.224762	0.0533333
-0.222857	0.0533333
-0.220952	0.0533333
-0.219048	0.0533333
-0.217143	0.0533333
-0.215238	0.0533333
-0.213333	0.0533333
-0.211429	0.0533333
-0.224762	0.0552381
-0.222857	0.0552381
-0.220952	0.0552381
-0.219048	0.0552381
-0.217143	0.0552381
-0.215238	0.0552381
-0.213333	0.0552381
-0.226667	0.0571429
-0.224762	0.0571429
-0.222857	0.0571429
-0.220952	0.0571429
-0.219048	0.0571429
-0.217143	0.0571429
-0.215238	0.0571429
-0.226667	0.0590476
-0.224762	0.0590476
-0.222857	0.0590476
-0.220952	0.0590476
-0.219048	0.0590476
-0.217143	0.0590476
-0.215238	0.0590476
-0.226667	0.0609524
-0.224762	0.0609524
-0.222857	0.0609524
-0.220952	0.0609524
-0.219048	0.0609524
-0.217143	0.0609524
-0.215238	0.0609524
-0.224762	0.0628571
-0.222857	0.0628571
-0.220952	0.0628571
-0.219048	0.0628571
-0.217143	0.0628571
-0.226667	0.0647619
-0.224762	0.0647619
-0.222857	0.0647619
-0.220952	0.0647619
-0.219048	0.0647619
-0.217143	0.0647619
-0.215238	0.0647619
-0.228571	0.0666667
-0.226667	0.0666667
-0.224762	0.0666667
-0.222857	0.0666667
-0.220952	0.0666667
-0.219048	0.0666667
-0.217143	0.0666667
-0.215238	0.0666667
-0.230476	0.0685714
-0.228571	0.0685714
-0.226667	0.0685714
-0.224762	0.0685714
-0.222857	0.0685714
-0.220952	0.0685714
-0.219048	0.0685714
-0.217143	0.0685714
-0.215238	0.0685714
-0.230476	0.0704762
-0.228571	0.0704762
-0.226667	0.0704762
-0.224762	0.0704762
-0.222857	0.0704762
-0.220952	0.0704762
-0.219048	0.0704762
-0.217143	0.0704762
-0.230476	0.072381
-0.228571	0.072381
-0.226667	0.072381
-0.224762	0.072381
-0.222857	0.072381
-0.220952	0.072381
-0.219048	0.072381
-0.230476	0.0742857
-0.228571	0.0742857
-0.226667	0.0742857
-0.224762	0.0742857
-0.222857	0.0742857
-0.220952	0.0742857
-0.230476	0.072381
-0.228571	0.072381
-0.226667	0.072381
-0.224762	0.072381
-0.222857	0.072381
-0.220952	0.072381
-0.219048	0.072381
-0.230476	0.0742857
-0.228571	0.0742857
-0.226667	0.0742857
-0.224762	0.0742857
-0.222857	0.0742857
-0.220952	0.0742857
-0.232381	0.0761905
-0.230476	0.0761905
-0.228571	0.0761905
-0.226667	0.0761905
-0.224762	0.0761905
-0.222857	0.0761905
-0.220952	0.0761905
-0.232381	0.0780952
-0.230476	0.0780952
-0.228571	0.0780952
-0.226667	0.0780952
-0.224762	0.0780952
-0.222857	0.0780952
-0.220952	0.0780952
-0.234286	0.08
-0.232381	0.08
-0.230476	0.08
-0.228571	0.08
-0.226667	0.08
-0.224762	0.08
-0.222857	0.08
-0.220952	0.08
-0.23619	0.0819048
-0.234286	0.0819048
-0.232381	0.0819048
-0.230476	0.0819048
-0.228571	0.0819048
-0.226667	0.0819048
-0.224762	0.0819048
-0.222857	0.0819048
-0.23619	0.0838095
-0.234286	0.0838095
-0.232381	0.0838095
-0.230476	0.0838095
-0.228571	0.0838095
-0.226667	0.0838095
-0.224762	0.0838095
-0.23619	0.0857143
-0.234286	0.0857143
-0.232381	0.0857143
-0.230476	0.0857143
-0.228571	0.0857143
-0.226667	0.0857143
-0.224762	0.0857143
-0.234286	0.087619
-0.232381	0.087619
-0.230476	0.087619
-0.228571	0.087619
-0.226667	0.087619
-0.230476	0.0895238
-0.23619	0.0914286
-0.234286	0.0914286
-0.24	0.0933333
-0.238095	0.0933333
-0.23619	0.0933333
-0.234286	0.0933333
-0.232381	0.0933333
-0.230476	0.0933333
-0.241905	0.0952381
-0.24	0.0952381
-0.238095	0.0952381
-0.23619	0.0952381
-0.234286	0.0952381
-0.232381	0.0952381
-0.230476	0.0952381
-0.228571	0.0952381
-0.241905	0.0971429
-0.24	0.0971429
-0.238095	0.0971429
-0.23619	0.0971429
-0.234286	0.0971429
-0.232381	0.0971429
-0.230476	0.0971429
-0.228571	0.0971429
-0.241905	0.0990476
-0.24	0.0990476
-0.238095	0.0990476
-0.23619	0.0990476
-0.234286	0.0990476
-0.232381	0.0990476
-0.230476	0.0990476
-0.228571	0.0990476
-0.24381	0.100952
-0.241905	0.100952
-0.24	0.100952
-0.238095	0.100952
-0.23619	0.100952
-0.234286	0.100952
-0.232381	0.100952
-0.230476	0.100952
-0.24381	0.102857
-0.241905	0.102857
-0.24	0.102857
-0.238095	0.102857
-0.23619	0.102857
-0.234286	0.102857
-0.232381	0.102857
-0.230476	0.102857
-0.24381	0.104762
-0.241905	0.104762
-0.24	0.104762
-0.238095	0.104762
-0.23619	0.104762
-0.234286	0.104762
-0.232381	0.104762
-0.247619	0.106667
-0.245714	0.106667
-0.24381	0.106667
-0.241905	0.106667
-0.24	0.106667
-0.238095	0.106667
-0.23619	0.106667
-0.234286	0.106667
-0.232381	0.106667
-0.249524	0.108571
-0.247619	0.108571
-0.245714	0.108571
-0.24381	0.108571
-0.241905	0.108571
-0.24	0.108571
-0.238095	0.108571
-0.23619	0.108571
-0.234286	0.108571
-0.232381	0.108571
-0.249524	0.110476
-0.247619	0.110476
-0.245714	0.110476
-0.24381	0.110476
-0.241905	0.110476
-0.24	0.110476
-0.238095	0.110476
-0.23619	0.110476
-0.234286	0.110476
-0.232381	0.110476
-0.249524	0.112381
-0.247619	0.112381
-0.245714	0.112381
-0.24381	0.112381
-0.241905	0.112381
-0.24	0.112381
-0.238095	0.112381
-0.23619	0.112381
-0.234286	0.112381
-0.249524	0.114286
-0.247619	0.114286
-0.245714	0.114286
-0.24381	0.114286
-0.241905	0.114286
-0.24	0.114286
-0.238095	0.114286
-0.23619	0.114286
-0.249524	0.11619
-0.247619	0.11619
-0.245714	0.11619
-0.24381	0.11619
-0.241905	0.11619
-0.24	0.11619
-0.238095	0.11619
-0.23619	0.11619
-0.249524	0.118095
-0.247619	0.118095
-0.245714	0.118095
-0.24381	0.118095
-0.241905	0.118095
-0.24	0.118095
-0.238095	0.118095
-0.23619	0.118095
-0.251429	0.12
-0.249524	0.12
-0.247619	0.12
-0.245714	0.12
-0.24381	0.12
-0.241905	0.12
-0.24	0.12
-0.238095	0.12
-0.251429	0.121905
-0.249524	0.121905
-0.247619	0.121905
-0.245714	0.121905
-0.24381	0.121905
-0.241905	0.121905
-0.24	0.121905
-0.251429	0.12381
-0.249524	0.12381
-0.247619	0.12381
-0.245714	0.12381
-0.24381	0.12381
-0.241905	0.12381
-0.24	0.12381
-0.251429	0.125714
-0.249524	0.125714
-0.247619	0.125714
-0.245714	0.125714
-0.24381	0.125714
-0.241905	0.125714
-0.24	0.125714
-0.255238	0.127619
-0.253333	0.127619
-0.251429	0.127619
-0.249524	0.127619
-0.247619	0.127619
-0.245714	0.127619
-0.24381	0.127619
-0.241905	0.127619
-0.255238	0.127619
-0.253333	0.127619
-0.251429	0.127619
-0.249524	0.127619
-0.247619	0.127619
-0.245714	0.127619
-0.24381	0.127619
-0.241905	0.127619
-0.257143	0.129524
-0.255238	0.129524
-0.253333	0.129524
-0.251429	0.129524
-0.249524	0.129524
-0.247619	0.129524
-0.245714	0.129524
-0.257143	0.131429
-0.255238	0.131429
-0.253333	0.131429
-0.251429	0.131429
-0.249524	0.131429
-0.247619	0.131429
-0.245714	0.131429
-0.24381	0.131429
-0.257143	0.133333
-0.255238	0.133333
-0.253333	0.133333
-0.251429	0.133333
-0.249524	0.133333
-0.247619	0.133333
-0.245714	0.133333
-0.24381	0.133333
-0.257143	0.135238
-0.255238	0.135238
-0.253333	0.135238
-0.251429	0.135238
-0.249524	0.135238
-0.247619	0.135238
-0.245714	0.135238
-0.24381	0.135238
-0.264762	0.137143
-0.260952	0.137143
-0.257143	0.137143
-0.255238	0.137143
-0.253333	0.137143
-0.251429	0.137143
-0.249524	0.137143
-0.247619	0.137143
-0.245714	0.137143
-0.24381	0.137143
-0.268571	0.139048
-0.266667	0.139048
-0.264762	0.139048
-0.262857	0.139048
-0.260952	0.139048
-0.259048	0.139048
-0.257143	0.139048
-0.255238	0.139048
-0.253333	0.139048
-0.251429	0.139048
-0.249524	0.139048
-0.247619	0.139048
-0.245714	0.139048
-0.270476	0.140952
-0.268571	0.140952
-0.266667	0.140952
-0.264762	0.140952
-0.262857	0.140952
-0.260952	0.140952
-0.259048	0.140952
-0.257143	0.140952
-0.255238	0.140952
-0.253333	0.140952
-0.251429	0.140952
-0.249524	0.140952
-0.247619	0.140952
-0.245714	0.140952
-0.270476	0.142857
-0.268571	0.142857
-0.266667	0.142857
-0.264762	0.142857
-0.262857	0.142857
-0.260952	0.142857
-0.259048	0.142857
-0.257143	0.142857
-0.255238	0.142857
-0.253333	0.142857
-0.251429	0.142857
-0.249524	0.142857
-0.247619	0.142857
-0.245714	0.142857
-0.270476	0.144762
-0.268571	0.144762
-0.266667	0.144762
-0.264762	0.144762
-0.262857	0.144762
-0.260952	0.144762
-0.259048	0.144762
-0.257143	0.144762
-0.255238	0.144762
-0.253333	0.144762
-0.251429	0.144762
-0.249524	0.144762
-0.247619	0.144762
-0.245714	0.144762
-0.268571	0.146667
-0.266667	0.146667
-0.264762	0.146667
-0.262857	0.146667
-0.260952	0.146667
-0.259048	0.146667
-0.257143	0.146667
-0.255238	0.146667
-0.253333	0.146667
-0.251429	0.146667
-0.249524	0.146667
-0.247619	0.146667
-0.266667	0.148571
-0.264762	0.148571
-0.262857	0.148571
-0.260952	0.148571
-0.259048	0.148571
-0.257143	0.148571
-0.255238	0.148571
-0.253333	0.148571
-0.251429	0.148571
-0.266667	0.150476
-0.264762	0.150476
-0.262857	0.150476
-0.260952	0.150476
-0.259048	0.150476
-0.257143	0.150476
-0.255238	0.150476
-0.253333	0.150476
-0.268571	0.152381
-0.266667	0.152381
-0.264762	0.152381
-0.262857	0.152381
-0.260952	0.152381
-0.259048	0.152381
-0.257143	0.152381
-0.255238	0.152381
-0.253333	0.152381
-0.268571	0.154286
-0.266667	0.154286
-0.264762	0.154286
-0.262857	0.154286
-0.260952	0.154286
-0.259048	0.154286
-0.257143	0.154286
-0.255238	0.154286
-0.268571	0.15619
-0.266667	0.15619
-0.264762	0.15619
-0.262857	0.15619
-0.260952	0.15619
-0.259048	0.15619
-0.257143	0.15619
-0.255238	0.15619
-0.266667	0.158095
-0.264762	0.158095
-0.262857	0.158095
-0.260952	0.158095
-0.259048	0.158095
-0.257143	0.158095
-0.255238	0.158095
-0.266667	0.16
-0.264762	0.16
-0.262857	0.16
-0.260952	0.16
-0.259048	0.16
-0.257143	0.16
-0.270476	0.161905
-0.268571	0.161905
-0.266667	0.161905
-0.264762	0.161905
-0.262857	0.161905
-0.260952	0.161905
-0.272381	0.16381
-0.270476	0.16381
-0.268571	0.16381
-0.266667	0.16381
-0.264762	0.16381
-0.262857	0.16381
-0.260952	0.16381
-0.259048	0.16381
-0.272381	0.165714
-0.270476	0.165714
-0.268571	0.165714
-0.266667	0.165714
-0.264762	0.165714
-0.262857	0.165714
-0.260952	0.165714
-0.259048	0.165714
-0.272381	0.167619
-0.270476	0.167619
-0.268571	0.167619
-0.266667	0.167619
-0.264762	0.167619
-0.262857	0.167619
-0.260952	0.167619
-0.259048	0.167619
-0.274286	0.169524
-0.272381	0.169524
-0.270476	0.169524
-0.268571	0.169524
-0.266667	0.169524
-0.264762	0.169524
-0.262857	0.169524
-0.260952	0.169524
-0.274286	0.171429
-0.272381	0.171429
-0.270476	0.171429
-0.268571	0.171429
-0.266667	0.171429
-0.264762	0.171429
-0.262857	0.171429
-0.260952	0.171429
-0.274286	0.173333
-0.272381	0.173333
-0.270476	0.173333
-0.268571	0.173333
-0.266667	0.173333
-0.264762	0.173333
-0.262857	0.173333
-0.272381	0.175238
-0.270476	0.175238
-0.268571	0.175238
-0.266667	0.175238
-0.264762	0.175238
-0.274286	0.177143
-0.272381	0.177143
-0.270476	0.177143
-0.268571	0.177143
-0.266667	0.177143
-0.27619	0.179048
-0.274286	0.179048
-0.272381	0.179048
-0.270476	0.179048
-0.268571	0.179048
-0.266667	0.179048
-0.264762	0.179048
-0.27619	0.180952
-0.274286	0.180952
-0.272381	0.180952
-0.270476	0.180952
-0.268571	0.180952
-0.266667	0.180952
-0.264762	0.180952
-0.27619	0.182857
-0.274286	0.182857
-0.272381	0.182857
-0.270476	0.182857
-0.268571	0.182857
-0.266667	0.182857
-0.264762	0.182857
-0.27619	0.180952
-0.274286	0.180952
-0.272381	0.180952
-0.270476	0.180952
-0.268571	0.180952
-0.266667	0.180952
-0.264762	0.180952
-0.27619	0.182857
-0.274286	0.182857
-0.272381	0.182857
-0.270476	0.182857
-0.268571	0.182857
-0.266667	0.182857
-0.264762	0.182857
-0.274286	0.184762
-0.272381	0.184762
-0.270476	0.184762
-0.268571	0.184762
-0.266667	0.184762
-0.270476	0.186667
-0.281905	0.190476
-0.285714	0.192381
-0.28381	0.192381
-0.281905	0.192381
-0.28	0.192381
-0.278095	0.192381
-0.287619	0.194286
-0.285714	0.194286
-0.28381	0.194286
-0.281905	0.194286
-0.28	0.194286
-0.278095	0.194286
-0.27619	0.194286
-0.287619	0.19619
-0.285714	0.19619
-0.28381	0.19619
-0.281905	0.19619
-0.28	0.19619
-0.278095	0.19619
-0.27619	0.19619
-0.287619	0.198095
-0.285714	0.198095
-0.28381	0.198095
-0.281905	0.198095
-0.28	0.198095
-0.278095	0.198095
-0.27619	0.198095
-0.289524	0.2
-0.287619	0.2
-0.285714	0.2
-0.28381	0.2
-0.281905	0.2
-0.28	0.2
-0.278095	0.2
-0.291429	0.201905
-0.289524	0.201905
-0.287619	0.201905
-0.285714	0.201905
-0.28381	0.201905
-0.281905	0.201905
-0.28	0.201905
-0.291429	0.20381
-0.289524	0.20381
-0.287619	0.20381
-0.285714	0.20381
-0.28381	0.20381
-0.281905	0.20381
-0.28	0.20381
-0.293333	0.205714
-0.291429	0.205714
-0.289524	0.205714
-0.287619	0.205714
-0.285714	0.205714
-0.28381	0.205714
-0.281905	0.205714
-0.28	0.205714
-0.295238	0.207619
-0.293333	0.207619
-0.291429	0.207619
-0.289524	0.207619
-0.287619	0.207619
-0.285714	0.207619
-0.28381	0.207619
-0.281905	0.207619
-0.295238	0.209524
-0.293333	0.209524
-0.291429	0.209524
-0.289524	0.209524
-0.287619	0.209524
-0.285714	0.209524
-0.28381	0.209524
-0.295238	0.211429
-0.293333	0.211429
-0.291429	0.211429
-0.289524	0.211429
-0.287619	0.211429
-0.285714	0.211429
-0.28381	0.211429
-0.297143	0.213333
-0.293333	0.213333
-0.291429	0.213333
-0.289524	0.213333
-0.287619	0.213333
-0.285714	0.213333
-0.300952	0.215238
-0.299048	0.215238
-0.297143	0.215238
-0.295238	0.215238
-0.293333	0.215238
-0.289524	0.215238
-0.300952	0.217143
-0.299048	0.217143
-0.297143	0.217143
-0.295238	0.217143
-0.293333	0.217143
-0.291429	0.217143
-0.300952	0.219048
-0.299048	0.219048
-0.297143	0.219048
-0.295238	0.219048
-0.293333	0.219048
-0.291429	0.219048
-0.300952	0.220952
-0.299048	0.220952
-0.297143	0.220952
-0.295238	0.220952
-0.293333	0.220952
-0.291429	0.220952
-0.300952	0.222857
-0.299048	0.222857
-0.297143	0.222857
-0.295238	0.222857
-0.293333	0.222857
-0.300952	0.224762
-0.299048	0.224762
-0.297143	0.224762
-0.295238	0.224762
-0.300952	0.226667
-0.299048	0.226667
-0.297143	0.226667
-0.295238	0.226667
-0.300952	0.228571
-0.299048	0.228571
-0.297143	0.228571
-0.300952	0.230476
-0.299048	0.230476
-0.300952	0.232381
-0.310476	0.224762
-0.308571	0.224762
-0.306667	0.224762
-0.304762	0.224762
-0.302857	0.224762
-0.300952	0.224762
-0.299048	0.224762
-0.297143	0.224762
-0.295238	0.224762
-0.312381	0.226667
-0.310476	0.226667
-0.308571	0.226667
-0.306667	0.226667
-0.304762	0.226667
-0.302857	0.226667
-0.300952	0.226667
-0.299048	0.226667
-0.297143	0.226667
-0.295238	0.226667
-0.314286	0.228571
-0.312381	0.228571
-0.310476	0.228571
-0.308571	0.228571
-0.306667	0.228571
-0.304762	0.228571
-0.302857	0.228571
-0.300952	0.228571
-0.299048	0.228571
-0.297143	0.228571
-0.32	0.230476
-0.31619	0.230476
-0.314286	0.230476
-0.312381	0.230476
-0.310476	0.230476
-0.308571	0.230476
-0.306667	0.230476
-0.304762	0.230476
-0.302857	0.230476
-0.300952	0.230476
-0.299048	0.230476
-0.32381	0.232381
-0.321905	0.232381
-0.32	0.232381
-0.318095	0.232381
-0.31619	0.232381
-0.314286	0.232381
-0.312381	0.232381
-0.310476	0.232381
-0.308571	0.232381
-0.306667	0.232381
-0.304762	0.232381
-0.302857	0.232381
-0.300952	0.232381
-0.325714	0.234286
-0.32381	0.234286
-0.321905	0.234286
-0.32	0.234286
-0.318095	0.234286
-0.31619	0.234286
-0.314286	0.234286
-0.312381	0.234286
-0.310476	0.234286
-0.308571	0.234286
-0.306667	0.234286
-0.304762	0.234286
-0.325714	0.23619
-0.32381	0.23619
-0.321905	0.23619
-0.32	0.23619
-0.318095	0.23619
-0.31619	0.23619
-0.314286	0.23619
-0.312381	0.23619
-0.310476	0.23619
-0.308571	0.23619
-0.325714	0.238095
-0.32381	0.238095
-0.321905	0.238095
-0.32	0.238095
-0.318095	0.238095
-0.31619	0.238095
-0.314286	0.238095
-0.312381	0.238095
-0.310476	0.238095
-0.32381	0.24
-0.321905	0.24
-0.32	0.24
-0.318095	0.24
-0.31619	0.24
-0.314286	0.24
-0.312381	0.24
-0.32381	0.241905
-0.321905	0.241905
-0.32	0.241905
-0.318095	0.241905
-0.31619	0.241905
-0.314286	0.241905
-0.312381	0.241905
-0.321905	0.24381
-0.32	0.24381
-0.318095	0.24381
-0.31619	0.24381
-0.314286	0.24381
-0.318095	0.245714
